10,159
10,285
10,215
10,65
10,219
10,197
11,7
11,21
11,14
11,23
8,5
345,4
345,3
345,2
345,1
345,0
20,3
20,2
20,1
19,3
19,2
19,1
12,3
12,2
12,1
11,28
11,24
11,22
11,20
11,19
11,18
11,17
11,15
11,13
11,12
11,9
11,6
11,5
11,4
11,3
11,2
11,1
10,297
10,237
10,233
10,231
10,191
10,177
10,175
10,171
10,149
10,129
10,123
10,99
18,1
18,3
10,93
10,69
14,1
14,3
13,1
10,23
13,3
10,11
10,3
10,2
10,1
9,7
9,5
9,3
9,2
9,1
8,15
8,14
8,13
8,10
8,8
8,7
8,3
8,2
8,1
3,3
3,2
3,1
2,3
2,2
2,1
0,0
348,34
348,33
348,32
348,31
348,30
348,29
348,28
348,27
348,26
348,25
348,24
348,23
348,22
348,21
